DateTime,Entries,UniqueIPs
1459976188,21442,21442
1460005479,21444,21444
1460020102,21452,21452
1460034783,21460,21460
1460078907,21461,21461
1460108220,21462,21462
1460122827,21464,21464
1460137449,21466,21466
1460166740,21468,21468
1460181625,21470,21470
1460211175,21471,21471
1460225778,21472,21472
1460240415,20841,20841
1460269714,20840,20840
1460299025,20843,20843
1460313616,20844,20844
1460328251,20845,20845
1460357538,20847,20847
1460372461,20848,20848
1460387090,20850,20850
1460416279,20851,20851
1460445872,20852,20852
1460475147,20853,20853
1460489776,20849,20849
1460504418,20850,20850
1460519057,20851,20851
1460592253,20850,20850
1460606936,20851,20851
1460621548,20943,20943
1460652114,20944,20944
1460666649,20945,20945
1460710577,20946,20946
1460725228,20948,20948
1460739909,20949,20949
1460754509,20950,20950
1460769165,20951,20951
1460783776,20950,20950
1460798459,20951,20951
1460813057,20952,20952
1460827908,20954,20954
1460842593,20955,20955
1460857225,20957,20957
1460871863,20958,20958
1460901145,20960,20960
1460915778,20961,20961
1460930436,20963,20963
1460974866,20964,20964
1460989485,20965,20965
1461004092,20967,20967
1461018748,20969,20969
1461048313,20973,20973
1461121461,20974,20974
1461136095,20976,20976
1461191548,20975,20975
1461206190,20976,20976
1461220815,20977,20977
1461235500,20979,20979
1461265567,20982,20982
1461280094,20982,20982
1461309628,20983,20983
1461324275,20985,20985
1461382812,20986,20986
1461397475,20988,20988
1461412102,20990,20990
1461426740,20992,20992
1461456056,20993,20993
1461529222,20996,20996
1461543849,21003,21003
1461573144,21008,21008
1461602915,21009,21009
1461617546,21011,21011
1461646816,21012,21012
1461661470,21016,21016
1461676111,21017,21017
1461734649,21019,21019
1461749308,21020,21020
1461763963,21021,21021
1461822497,21019,21019
1461837152,21022,21022
1461851777,21022,21022
1461866426,21025,21025
1461881064,21026,21026
1461895705,21029,21029
1461910345,21032,21032
1461924978,21032,21032
1461939612,21033,21033
1461954407,21031,21031
1461969139,21033,21033
1461983797,21034,21034
1462042346,21035,21035
1462100913,21037,21037
1462130186,21036,21036
1462144835,21037,21037
1462159449,21039,21039
1462174092,21041,21041
1462188744,21044,21044
1462203379,21044,21044
1462220906,21048,21048
1462250196,21052,21052
1462264821,21054,21054
1462294096,21055,21055
1462323388,21056,21056
1462338054,21055,21055
1462367295,21054,21054
1462396594,21055,21055
1462440506,21056,21056
1462455194,21056,21056
1462499048,21057,21057
1462513705,21059,21059
1462542971,21059,21059
1462557618,21061,21061
1462572357,21064,21064
1462586905,21067,21067
1462601541,21068,21068
1462616181,21069,21069
1462660139,21075,21075
1462674744,21076,21076
1462689371,21079,21079
1462704010,21080,21080
1462733301,21082,21082
1462762574,21088,21088
1462777227,21089,21089
1462791848,21091,21091
1462821135,21095,21095
1462835786,21097,21097
1462850409,21099,21099
1462865068,21100,21100
1462879705,21102,21102
1462894364,21104,21104
1462908977,21105,21105
1462923618,21106,21106
1462938250,21107,21107
1462982170,21106,21106
1463040983,21107,21107
1463070262,21106,21106
1463084909,21107,21107
1463099548,21108,21108
1463114180,21110,21110
1463128864,21114,21114
1463143474,21115,21115
1463158114,21119,21119
1463202028,21121,21121
1463216717,21124,21124
1463231305,21126,21126
1463246187,21128,21128
1463260816,21128,21128
1463275484,21129,21129
1463290100,21128,21128
1463304761,21126,21126
1463348651,21127,21127
1463363197,21128,21128
1463377946,21128,21128
1463392573,21129,21129
1463421863,21131,21131
1463451153,21133,21133
1463495051,21132,21132
1463509695,21135,21135
1463539230,21137,21137
1463568498,21142,21142
1463583276,21143,21143
1463598032,21142,21142
1463627301,21141,21141
1463642200,21142,21142
1463656835,21143,21143
1463671455,21146,21146
1463700749,21146,21146
1463715417,21148,21148
1463730024,21147,21147
1463773983,21148,21148
1463788611,21149,21149
1463803231,21150,21150
1463817857,21150,21150
1463847136,21151,21151
1463861776,21153,21153
1463876437,21152,21152
1463905942,21153,21153
1463935211,21154,21154
1463994037,21155,21155
1464008649,21156,21156
1464037959,21155,21155
1464052600,21157,21157
1464067208,21158,21158
1464096744,21159,21159
1464111388,21163,21163
1464126055,21165,21165
1464140654,21167,21167
1464155294,21169,21169
1464169955,21174,21174
1464184573,21176,21176
1464199271,21182,21182
1464213854,21185,21185
1464228495,21189,21189
1464243143,21192,21192
1464272420,21191,21191
1464287070,21192,21192
1464301718,21188,21188
1464316331,21189,21189
1464345611,21189,21189
1464360252,21187,21187
1464375090,21188,21188
1464389781,21187,21187
1464419060,21187,21187
1464433702,21190,21190
1464448365,21191,21191
1464521540,21193,21193
1464536170,21194,21194
1464550839,21196,21196
1464580097,21197,21197
1464594734,21198,21198
1464624048,21200,21200
1464653297,21202,21202
1464682603,21203,21203
1464697247,21205,21205
1464711874,21207,21207
1464741140,21208,21208
1464755777,21209,21209
1464799709,21210,21210
1464814345,21212,21212
1464843623,21221,21221
1464858255,21223,21223
1464872897,21224,21224
1464887550,21225,21225
1464902205,21226,21226
1464916819,21227,21227
1464931452,21230,21230
1464946093,21232,21232
1464960736,21233,21233
1465004661,21233,21233
1465019295,21235,21235
1465048596,21235,21235
1465063228,21236,21236
1465092500,21237,21237
1465107147,21240,21240
1465136410,21241,21241
1465165699,21243,21243
1465180370,21244,21244
1465194987,21245,21245
1465224282,21247,21247
1465238897,21248,21248
1465282824,21248,21248
1465297454,21249,21249
1465326773,21250,21250
1465356016,21249,21249
1465370675,21248,21248
1465385304,21249,21249
1465399952,21250,21250
1465414572,21251,21251
1465487778,21254,21254
1465517050,21256,21256
1465531718,21254,21254
1465546346,21253,21253
1465560970,21254,21254
1465575646,21255,21255
1465604918,21257,21257
1465634180,21261,21261
1465648814,21261,21261
1465663460,21265,21265
1465722029,21267,21267
1465780580,21268,21268
1465809856,21269,21269
1465824495,21268,21268
1465839141,21270,21270
1465854038,21272,21272
1465868677,21275,21275
1465883300,21276,21276
1465927226,21278,21278
1465941852,21281,21281
1465956506,21281,21281
1465971140,21281,21281
1465986033,21282,21282
1466059225,21283,21283
1466118031,21286,21286
1466132649,21287,21287
1466147344,21289,21289
1466161943,21291,21291
1466176617,21292,21292
1466191209,21293,21293
1466205765,21294,21294
1466220499,21295,21295
1466235168,21297,21297
1466264412,21300,21300
1466293699,21302,21302
1466322981,21303,21303
1466352258,21305,21305
1466381546,21306,21306
1466410817,21309,21309
1466440101,21310,21310
1466498663,21311,21311
1466513305,21312,21312
1466527972,21313,21313
1466542612,21315,21315
1466557239,21317,21317
1466571855,21316,21316
1466586499,21318,21318
1466601144,21321,21321
1466615796,21323,21323
1466630412,21324,21324
1466645050,21325,21325
1466689011,21326,21326
1466703632,21325,21325
1466718257,21327,21327
1466747564,21328,21328
1466776839,21327,21327
1466806109,21330,21330
1466820743,21331,21331
1466864646,21330,21330
1466879303,21332,21332
1466893935,21333,21333
1466908589,21334,21334
1466923213,21335,21335
1466937849,21336,21336
1466952496,21337,21337
1466981781,21338,21338
1466996447,21339,21339
1467011097,21340,21340
1467040342,21342,21342
1467069635,21343,21343
1467084253,21344,21344
1467128186,21346,21346
1467172100,21348,21348
1467186772,21349,21349
1467201403,21354,21354
1467216030,21357,21357
1467230690,21359,21359
1467245322,21364,21364
1467259939,21373,21373
1467274574,21374,21374
1467304149,21374,21374
1467318737,21374,21374
1467333375,21376,21376
1467348014,21377,21377
1467377296,21380,21380
1467391941,21381,21381
1467421289,21382,21382
1467435850,21384,21384
1467450502,21385,21385
1467479789,21386,21386
1467509057,21388,21388
1467523704,21390,21390
1467538336,21391,21391
1467552978,21395,21395
1467567710,21396,21396
1467596904,21398,21398
1467611617,21401,21401
1467626180,21402,21402
1467640840,21415,21415
1467728724,21417,21417
1467743380,21419,21419
1467758135,21420,21420
1467772660,21419,21419
1467787221,21419,21419
1467801854,21423,21423
1467816503,21423,21423
1467831230,21426,21426
1467860455,21427,21427
1467875300,21428,21428
1467889942,21431,21431
1467904572,21432,21432
1467919227,21433,21433
1467933856,21435,21435
1467948505,21434,21434
1467963143,21436,21436
1467977779,21438,21438
1467992418,21438,21438
1468007053,21439,21439
1468021704,21443,21443
1468065641,21444,21444
1468080254,21445,21445
1468094893,21447,21447
1468138823,21448,21448
1468153446,21449,21449
1468182743,21452,21452
1468226651,21452,21452
1468241297,21454,21454
1468270572,21456,21456
1468285245,21457,21457
1468299855,21456,21456
1468314496,21457,21457
1468329148,21458,21458
1468343785,21460,21460
1468373047,21462,21462
1468402414,21464,21464
1468416978,21465,21465
1468431613,21464,21464
1468446255,21465,21465
1468504842,21467,21467
1468519458,21468,21468
1468534091,21468,21468
1468563376,21471,21471
1468578022,21472,21472
1468592901,21476,21476
1468622183,21475,21475
1468636816,21477,21477
1468680767,21478,21478
1468695370,21479,21479
1468710054,21481,21481
1468739294,21483,21483
1468768578,21481,21481
1468812500,21482,21482
1468827146,21483,21483
1468900341,21484,21484
1468914970,21484,21484
1468958896,21486,21486
1468988172,21487,21487
1469002812,21488,21488
1469046742,21490,21490
1469061381,21492,21492
1469090651,21494,21494
1469134575,21496,21496
1469163855,21499,21499
1469178510,21500,21500
1469193141,21501,21501
1469222428,21502,21502
1469237059,21503,21503
1469251692,21504,21504
1469266344,21505,21505
1469280980,21506,21506
1469310255,21508,21508
1469339539,21509,21509
1469368886,21510,21510
1469398591,21512,21512
1469413231,21513,21513
1469427847,21514,21514
1469457146,21515,21515
1469471780,21517,21517
1469486412,21518,21518
1469501057,21520,21520
1469515695,21521,21521
1469530345,21522,21522
1469574261,21522,21522
1469588902,21523,21523
1469603553,21525,21525
1469640247,21525,21525
1469684451,21528,21528
1469699065,21530,21530
1469728354,21531,21531
1469742972,21532,21532
1469757651,21533,21533
1469772250,21534,21534
1469786913,21534,21534
1469801554,21535,21535
1469816174,21537,21537
1469874741,21539,21539
1469933301,21540,21540
1469962594,21541,21541
1469977294,21542,21542
1469991866,21545,21545
1470006508,21544,21544
1470035834,21546,21546
1470050421,21547,21547
1470079704,21548,21548
1470094368,21549,21549
1470108988,21553,21553
1470138257,21555,21555
1470152902,21556,21556
1470167539,21558,21558
1470182178,21561,21561
1470196856,21562,21562
1470211449,21563,21563
1470226099,21565,21565
1470240993,21567,21567
1470255610,21569,21569
1470270248,21572,21572
1470284898,21571,21571
1470299545,21572,21572
1470314185,21573,21573
1470328833,21575,21575
1470343449,21575,21575
1470358108,21576,21576
1470372743,21577,21577
1470387392,21575,21575
1470416649,21576,21576
1470460577,21578,21578
1470475227,21579,21579
1470504501,21582,21582
1470548657,21583,21583
1470563302,21584,21584
1470577936,21585,21585
1470607239,21586,21586
1470636508,21589,21589
1470651144,21590,21590
1470709703,21591,21591
1470753613,21593,21593
1470768252,21595,21595
1470797540,21597,21597
1470812185,21598,21598
1470826840,21601,21601
1470841465,21602,21602
1470856107,21605,21605
1470885371,21606,21606
1470929300,21606,21606
1470943948,21608,21608
1470958590,21610,21610
1470987863,21611,21611
1471017132,21614,21614
1471031780,21619,21619
1471061053,21620,21620
1471104980,21622,21622
1471119633,21621,21621
1471134253,21622,21622
